t -0.07856 -0.297894 -0.09703 -0.091368 -0.211625 -0.026434 0.334066 0.170385 0.097103 0.206331 0.069699 0.032036 0.285823 0.121486 -0.248542 -0.079295 -0.04549 0.085357 0.34019 0.109074 -0.107245 -0.138275 -0.114629 0.10699 0.136138 0.558307 0.077272 0.079817 0.037287 0.06284 -0.713346 -0.06032 0.201506 0.095904 -0.06107 0.114473 -0.027449 -0.031221 -0.144786 0.093606 0.124803 -0.224169 -0.118019 0.153747 -0.001278 -0.138124 0.218402 0.150867 -0.004169 0.010908
h -0.161026 -0.277764 -0.056471 -0.063275 -0.194834 -0.086759 0.333846 0.205543 0.08772 0.149837 0.050109 0.045362 0.262903 0.053281 -0.268514 -0.022935 -0.020881 0.082078 0.382204 0.234935 -0.127866 -0.111021 -0.087919 0.091441 0.169804 0.560793 0.115634 0.056084 -0.066376 0.040264 -0.907454 -0.089729 0.262017 0.191351 -0.014241 0.098785 -0.020455 -0.008653 -0.074219 0.187383 0.103722 -0.120813 -0.162381 0.056297 0.082199 -0.140694 0.170395 0.07543 0.003051 0.029757
e -0.081719 -0.293339 -0.078881 -0.106217 -0.197286 -0.016357 0.286946 0.190788 0.086809 0.182336 0.067023 0.047683 0.253729 0.086953 -0.212345 -0.065997 -0.029122 0.064093 0.353521 0.09743 -0.129331 -0.111388 -0.108195 0.091386 0.13712 0.560199 0.105536 0.094144 0.032141 0.053735 -0.774 -0.070371 0.21821 0.115201 -0.053462 0.095601 -0.032904 -0.002143 -0.105492 0.091135 0.135091 -0.193518 -0.105753 0.119668 0.007497 -0.148859 0.190799 0.110616 -0.025462 0.034644
, 0.076099 -0.371079 0.548903 -0.229351 -0.116184 -0.077975 0.49608 -0.021267 0.035636 0.159395 -0.302999 -0.781561 0.759139 -0.145979 0.305049 -0.379402 -0.295964 0.322282 0.108021 -0.052391 -0.054827 -0.057552 0.073261 -0.10854 0.00652 1.171451 0.426951 -0.217774 -0.033506 0.169165 -0.868691 0.243356 0.348899 0.387899 0.059684 0.169734 0.148322 -0.052589 -0.22941 0.063824 0.077109 -0.311243 0.426373 0.545093 -0.260163 -0.206871 0.165569 0.404281 -0.504491 -0.209776
. -0.404011 -0.236007 0.461829 -0.089767 0.032507 -0.210703 0.380687 -0.186173 -0.259122 0.321891 -0.241119 -0.44032 0.763967 -0.186031 -0.020062 0.017312 -0.358873 -0.064259 -0.116736 0.359559 0.384799 0.201338 -0.087722 -0.329041 0.185488 0.869146 0.706775 -0.129741 0.180886 0.001363 -0.974708 0.185331 0.095489 0.48446 0.081439 -0.183131 0.034071 -0.110032 0.061364 -0.170975 0.258012 -0.318539 0.387604 0.253035 -0.263921 -0.159025 0.38545 0.158245 0.199897 -0.113478
o -0.088223 -0.27941 -0.087442 -0.045354 -0.212633 -0.062646 0.319716 0.188642 0.070748 0.210197 0.076388 0.038177 0.294648 0.085231 -0.229799 -0.085596 -0.043012 0.088968 0.357404 0.132155 -0.141023 -0.127697 -0.124645 0.096713 0.128738 0.598508 0.128248 0.086573 0.014826 0.039704 -0.803395 -0.090305 0.204346 0.109007 -0.054378 0.103472 -0.03503 -0.027419 -0.090085 0.121829 0.132244 -0.184751 -0.107345 0.097964 0.015468 -0.139785 0.197292 0.119088 0.001832 0.034961
f -0.108064 -0.303379 -0.064419 -0.098337 -0.194555 -0.032507 0.301291 0.153097 0.092022 0.183447 0.080169 0.062283 0.235455 0.128534 -0.21675 -0.07078 -0.036618 0.081922 0.32558 0.088467 -0.120742 -0.109957 -0.096504 0.078909 0.115319 0.575484 0.126286 0.084219 0.034249 0.070447 -0.751843 -0.04714 0.200202 0.127056 -0.064903 0.12119 -0.006366 -0.023658 -0.124778 0.089046 0.154071 -0.202983 -0.127119 0.142786 0.008787 -0.166179 0.202022 0.147558 -0.02011 0.045537
a -0.101148 -0.310647 -0.096601 -0.00876 -0.210423 -0.108728 0.348707 0.223768 0.075731 0.180925 0.101738 0.029495 0.301712 0.032059 -0.25491 -0.063117 -0.044564 0.109051 0.401508 0.223067 -0.166936 -0.116074 -0.099653 0.11578 0.15472 0.594764 0.129492 0.073771 -0.058611 0.034083 -0.863447 -0.097165 0.213651 0.164478 -0.036425 0.092484 -0.046368 -0.0343 -0.086418 0.182126 0.103718 -0.143234 -0.131128 0.026621 0.00886 -0.148526 0.152231 0.092758 0.036486 0.006396
n -0.099768 -0.299781 -0.104708 -0.057463 -0.209187 -0.03765 0.329843 0.20698 0.084108 0.185787 0.076846 0.029826 0.273323 0.053856 -0.243987 -0.074851 -0.03387 0.076728 0.36846 0.152157 -0.119472 -0.116813 -0.114533 0.08847 0.154342 0.560275 0.123977 0.070594 -0.008993 0.050012 -0.788548 -0.067385 0.221868 0.10196 -0.056951 0.096693 -0.051873 -0.016782 -0.111863 0.139557 0.108446 -0.172898 -0.123764 0.086084 0.006197 -0.152575 0.184012 0.120384 -0.000603 0.008223
d -0.091431 -0.342626 -0.057256 -0.106993 -0.182229 -0.042608 0.279579 0.190088 0.08033 0.172429 0.066355 0.031734 0.253571 0.081392 -0.222558 -0.040162 -0.047129 0.083797 0.362572 0.1335 -0.134417 -0.093798 -0.071485 0.098556 0.143374 0.542666 0.126714 0.109847 0.021485 0.056489 -0.749488 -0.0786 0.230936 0.123016 -0.030344 0.127943 -0.017072 -0.004871 -0.133922 0.098497 0.109953 -0.180469 -0.139471 0.127215 -0.001248 -0.14976 0.157982 0.099026 -0.001643 -0.012931
i -0.081205 -0.312446 -0.108249 -0.063865 -0.199013 -0.039056 0.368699 0.184825 0.073101 0.223186 0.096261 0.0463 0.282113 0.082216 -0.231042 -0.08776 -0.054083 0.082958 0.398073 0.14761 -0.147656 -0.119478 -0.100834 0.087866 0.158877 0.57201 0.103894 0.068065 0.009621 0.064672 -0.776148 -0.066098 0.208372 0.105228 -0.07012 0.110477 -0.053774 -0.016736 -0.125848 0.148106 0.107112 -0.180589 -0.108395 0.111557 0.023068 -0.16429 0.182445 0.143128 0.016817 0.007189
" 0.25769 0.45629 -0.76974 -0.37679 0.59272 -0.063527 0.20545 -0.57385 -0.29009 -0.13662 0.32728 1.4719 -0.73681 -0.12036 0.71354 -0.46098 0.65248 0.48887 -0.51558 0.039951 -0.34307 -0.014087 0.86488 0.3546 0.7999 -1.4995 -1.8153 0.41128 0.23921 -0.43139 3.6623 -0.79834 -0.54538 0.16943 -0.82017 -0.3461 0.69495 -1.2256 -0.17992 -0.057474 0.030498 -0.39543 -0.38515 -1.0002 0.087599 -0.31009 -0.34677 -0.31438 0.75004 0.97065
' -0.1118 -0.250045 -0.251761 -0.180172 -0.398778 -0.364813 0.315172 0.223211 -0.013433 0.192519 0.074371 0.177778 0.068616 -0.031904 -0.113882 -0.236933 -0.040732 0.039675 0.266024 0.157816 -0.20291 -0.081413 -0.021345 0.151507 0.045668 0.722314 -0.077333 0.115574 -0.063908 0.0983 -1.008973 0.020228 0.000116 0.29055 -0.124542 -0.033643 -0.008945 -0.093124 0.020584 0.156526 0.185972 -0.235367 -0.069181 -0.115325 -0.103729 -0.159209 0.185351 -0.026034 0.206835 0.138477
s -0.082814 -0.297992 -0.069064 -0.114364 -0.223961 -0.039493 0.31344 0.179442 0.042612 0.18504 0.07005 0.060104 0.286238 0.110188 -0.225456 -0.068088 -0.030985 0.061916 0.355828 0.099704 -0.134518 -0.127445 -0.055915 0.102925 0.132356 0.582611 0.060876 0.061323 0.025242 0.018336 -0.755102 -0.009448 0.224308 0.1121 -0.047056 0.120027 -0.053128 -0.046464 -0.129791 0.133039 0.098726 -0.208233 -0.073669 0.165399 0.031518 -0.136238 0.179959 0.139799 -0.03693 -0.024538
r -0.089266 -0.305236 -0.08228 -0.083354 -0.204667 -0.037057 0.301281 0.191565 0.079312 0.175108 0.077731 0.047262 0.254562 0.071458 -0.229721 -0.07545 -0.025794 0.081955 0.347356 0.129245 -0.131256 -0.119783 -0.122116 0.099827 0.132939 0.575416 0.115422 0.075158 0.002701 0.052069 -0.802714 -0.086199 0.216004 0.124045 -0.043697 0.103656 -0.032419 -0.015904 -0.092634 0.120051 0.138036 -0.170905 -0.121304 0.087452 0.001449 -0.142958 0.190875 0.104483 -0.015073 0.032573
- -0.254758 -0.246381 -0.047705 -0.138548 -0.260296 0.015244 0.312716 0.228626 0.160026 0.23339 -0.084594 -0.272702 0.416852 0.441778 -0.350473 -0.283851 -0.170426 0.036615 0.192248 0.199943 -0.059767 -0.223769 -0.247624 0.114218 0.047618 0.729276 0.225187 0.006915 0.175921 0.260036 -0.712564 -0.02064 0.097638 0.251847 0.017143 0.248398 0.054049 0.003061 -0.348988 -0.115118 0.147826 -0.468236 -0.147211 0.305095 -0.132602 -0.134547 0.424379 0.311747 0.006721 -0.059231
w -0.208893 -0.220594 -0.022987 -0.036526 -0.23657 -0.120456 0.227247 0.161124 0.147423 0.072952 -0.045588 0.032421 0.259116 0.044489 -0.265673 0.022838 0.000838 0.096248 0.314685 0.157095 -0.047394 -0.066047 -0.116581 0.14804 0.161517 0.564684 0.132459 0.093184 0.006925 0.008744 -0.860838 -0.047403 0.276822 0.129525 -0.040558 0.069956 -0.042339 -0.080309 -0.08826 0.084162 0.136738 -0.183583 -0.120775 0.110808 0.04429 -0.041825 0.219535 0.102545 -0.025784 0.077242
b -0.124808 -0.308925 -0.062367 -0.056321 -0.206135 -0.069617 0.298989 0.192369 0.081564 0.160354 0.068767 0.032902 0.255753 0.047949 -0.239851 -0.032525 -0.006009 0.091885 0.362275 0.162026 -0.135157 -0.107507 -0.096886 0.111401 0.116658 0.592093 0.13648 0.101077 -0.02798 0.026425 -0.870542 -0.091612 0.237621 0.161336 -0.029009 0.0944 -0.033881 -0.024031 -0.06265 0.14121 0.134228 -0.143244 -0.129669 0.061567 0.018582 -0.128144 0.168544 0.093737 -0.006683 0.024481
y -0.128188 -0.273865 -0.086344 -0.065877 -0.169548 -0.027959 0.319338 0.205172 0.093312 0.19473 0.049212 0.053317 0.278314 0.072299 -0.247118 -0.013199 -0.045801 0.085973 0.401257 0.17704 -0.134134 -0.080193 -0.091398 0.081407 0.190304 0.536932 0.136679 0.10564 0.010727 0.044986 -0.828384 -0.108043 0.270859 0.124243 -0.010382 0.093877 -0.041229 0.01057 -0.124334 0.122294 0.092502 -0.151974 -0.154202 0.102377 0.04959 -0.148806 0.185792 0.087359 -0.027177 0.048709
( -0.491096 0.557207 0.297042 0.229891 -0.291354 -0.531844 0.153553 0.219638 -0.574071 0.018897 -1.029078 0.168175 1.250084 -0.339428 -0.42204 -0.166651 -0.645059 -0.778046 0.500099 -0.103054 0.22774 0.189774 -0.180215 0.686963 0.505629 0.510802 0.43939 -0.225719 1.007367 -0.62803 -0.735513 0.042779 -0.006372 -0.488137 -0.104472 -0.388362 0.206804 -0.679261 0.486821 0.473368 0.825145 0.036338 0.722306 0.793547 0.238785 0.752483 0.33613 0.113826 0.586028 0.907949
) -0.498963 0.565395 0.277349 0.227416 -0.295742 -0.515009 0.152527 0.225042 -0.587267 0.012287 -1.012573 0.166346 1.250075 -0.33763 -0.419569 -0.162668 -0.656994 -0.780009 0.499101 -0.093021 0.199666 0.17222 -0.187811 0.681422 0.503989 0.502949 0.433967 -0.211711 1.014554 -0.625678 -0.723189 0.043127 0.002593 -0.485804 -0.106208 -0.383844 0.201628 -0.678295 0.477891 0.476542 0.813446 0.033973 0.715497 0.803432 0.223928 0.73296 0.341887 0.129468 0.579395 0.898277
m -0.107237 -0.289389 -0.05999 -0.040972 -0.203466 -0.076245 0.345838 0.173663 0.091691 0.186985 0.083176 0.038865 0.270626 0.067975 -0.23013 -0.049816 -0.038865 0.098471 0.365486 0.172796 -0.136336 -0.112232 -0.096964 0.097854 0.144916 0.602614 0.12681 0.060547 -0.032933 0.056804 -0.831857 -0.095891 0.201833 0.146911 -0.054068 0.091686 -0.013775 -0.041402 -0.095629 0.136812 0.136095 -0.177209 -0.13903 0.088698 0.016277 -0.140596 0.192403 0.117944 -0.005663 0.029772
` -0.235719 -0.095018 -0.225613 -0.332642 0.207288 -0.249565 0.1832 -0.013864 -0.031139 0.390936 -0.211188 0.646132 -0.186218 0.027416 0.727018 0.185288 0.291614 0.495524 0.137981 -0.142746 -0.32492 0.400283 0.225809 0.123244 0.572454 -1.312858 -1.222669 0.29709 0.644732 -0.862912 1.394848 0.177473 -0.332738 0.029175 -0.44015 -0.271666 0.145604 -0.583416 0.333789 -0.274448 -0.369498 -0.05675 -0.008037 0.238519 -0.159835 -0.053542 0.151526 0.116242 -0.154524 0.909714
v -0.100712 -0.290925 -0.044342 -0.04314 -0.231766 -0.053839 0.36203 0.245945 0.009351 0.210768 0.1376 0.018073 0.267546 0.081761 -0.218991 -0.085709 -0.071213 0.086244 0.401368 0.177689 -0.162732 -0.125514 -0.117481 0.103299 0.149505 0.587225 0.157382 0.08127 0.009701 0.051551 -0.834507 -0.062294 0.205545 0.100885 -0.09163 0.094761 -0.028769 0.031423 -0.090649 0.152648 0.169845 -0.155488 -0.071386 0.005395 -0.049836 -0.115801 0.153708 0.130724 -0.002099 0.041915
u -0.096724 -0.313756 -0.086795 -0.068944 -0.214699 -0.091863 0.367664 0.218204 0.067057 0.193604 0.072509 0.031485 0.299539 0.053263 -0.240255 -0.085377 -0.035751 0.103101 0.376981 0.175942 -0.160317 -0.131854 -0.089827 0.089563 0.163329 0.577358 0.109132 0.093237 -0.008197 0.046746 -0.824507 -0.07305 0.212001 0.166257 -0.056248 0.10007 -0.042284 -0.025137 -0.107979 0.15178 0.104958 -0.16381 -0.109412 0.06532 0.010805 -0.160886 0.170881 0.110655 0.026806 0.012117
c -0.061809 -0.288133 -0.102524 -0.046893 -0.215328 -0.040382 0.338105 0.148584 0.085361 0.196224 0.085338 0.065956 0.288495 0.09366 -0.227063 -0.084169 -0.058617 0.088698 0.35108 0.082116 -0.137078 -0.146346 -0.102882 0.107005 0.110934 0.590688 0.099572 0.074345 0.012052 0.052351 -0.720695 -0.091782 0.192674 0.068175 -0.07947 0.102927 -0.038484 -0.041222 -0.099654 0.088849 0.15336 -0.219973 -0.098984 0.154095 -0.003236 -0.121211 0.214666 0.136156 -0.007757 0.040086
l -0.092003 -0.296817 -0.097203 -0.080795 -0.201102 -0.020964 0.303225 0.189652 0.072742 0.187261 0.066396 0.046942 0.26793 0.057868 -0.238844 -0.05796 -0.015208 0.080043 0.354996 0.117972 -0.14764 -0.109846 -0.102728 0.098696 0.14347 0.588787 0.138498 0.113868 0.012431 0.038335 -0.825023 -0.101437 0.235758 0.115211 -0.032826 0.094328 -0.041 0.003565 -0.093881 0.116283 0.136328 -0.164166 -0.126362 0.093214 0.012878 -0.139756 0.196674 0.084937 -0.019499 0.036037
: -0.294668 0.252489 0.205257 0.181927 0.021469 -0.660424 0.672419 0.345039 -0.54242 -0.219293 -0.54084 -0.303069 0.076663 0.522831 -0.065089 -0.182098 -0.237447 -0.148253 -0.278719 0.348291 0.182634 0.129211 0.154624 0.530695 0.30352 1.167778 0.505702 -0.187532 0.349645 0.390822 -0.555527 0.20379 0.111797 0.241903 -0.45782 0.087149 0.04637 -0.198365 0.682889 0.276003 0.629873 -0.515141 0.047353 0.675345 -0.084548 0.621955 0.980701 0.348789 0.155159 0.264305
p -0.061634 -0.299121 -0.090071 -0.068939 -0.216287 -0.035892 0.363893 0.13766 0.092629 0.216749 0.075054 0.048447 0.329545 0.125055 -0.226585 -0.078585 -0.06738 0.113311 0.351672 0.094053 -0.139653 -0.168359 -0.077809 0.114904 0.128273 0.579022 0.066534 0.094019 0.035459 0.042568 -0.68374 -0.057872 0.173581 0.118341 -0.075631 0.131218 -0.025805 -0.057207 -0.136289 0.062205 0.130225 -0.242669 -0.115927 0.181171 -0.00259 -0.131952 0.230146 0.157707 0.014509 -0.003727
g -0.109522 -0.314951 -0.099952 -0.062892 -0.218413 -0.055946 0.326179 0.202708 0.089785 0.173226 0.049753 0.026146 0.2548 0.055227 -0.240083 -0.075452 -0.038123 0.098048 0.358813 0.136595 -0.095298 -0.110907 -0.10358 0.084358 0.174826 0.54051 0.121324 0.086714 -0.003341 0.019541 -0.781448 -0.039916 0.231422 0.116464 -0.062257 0.116818 -0.069908 -0.004336 -0.107968 0.13258 0.091186 -0.17483 -0.125367 0.094696 0.033352 -0.159001 0.210667 0.103331 0.008803 -0.01215
$ 0.026389 0.142971 0.920142 -0.224127 0.012166 0.028026 0.750109 -0.150404 0.155751 0.42173 -0.405795 -0.612926 1.074619 -0.759602 0.580064 -0.516543 0.028211 0.650669 -0.531542 0.202946 0.719294 -0.49239 -0.041341 -0.429039 -0.038019 0.848989 0.788909 -0.279986 -0.072957 0.251335 -0.416758 0.444645 0.415163 0.757146 -0.135098 -0.043708 0.427887 0.227734 -0.212434 -0.599488 0.509365 -0.445564 0.51249 0.315655 -0.835385 -0.379961 -0.155279 0.313184 -0.099803 0.074648
; -0.425045 0.060311 0.495415 0.186726 -0.214771 -0.162783 0.337138 -0.116972 0.25608 0.019598 -0.375135 0.191144 0.058844 -0.15446 0.068207 0.027418 -0.201074 0.00418 0.183435 -0.155888 0.348989 0.138496 0.109354 0.025591 -0.200501 0.626738 -0.126469 -0.379649 0.215292 0.105073 -0.285258 0.137839 0.149418 0.398077 -0.009443 -0.042816 0.094262 -0.612434 0.301569 -0.571007 0.332938 -0.623074 0.180029 0.541542 0.017266 0.193246 0.442542 0.053809 -0.057713 0.253165
_ -0.305418 0.540762 0.219758 0.241727 0.125014 -0.595234 0.416164 0.12968 0.18806 -0.126537 -0.416415 0.353071 0.175748 0.099187 0.287197 0.084693 -0.089416 -0.263297 0.461547 -0.079126 0.004342 -0.20905 0.029782 0.676556 0.206836 0.382833 -0.365051 0.015912 0.364221 -0.073262 -0.62905 0.253058 -0.209937 -0.033002 -0.208384 0.190361 0.146647 -0.33885 -0.15866 -0.277486 0.598887 -0.075773 -0.073082 0.376854 -0.233237 0.560777 0.51974 0.466234 0.397657 0.268474
k -0.229958 -0.313022 0.001217 0.002508 -0.19059 -0.074747 0.307048 0.258037 0.046899 0.101618 0.086808 0.01712 0.241393 0.059722 -0.241164 0.003726 0.004119 0.093705 0.392896 0.247729 -0.107677 -0.103192 -0.117328 0.087122 0.191333 0.599745 0.200489 0.077457 -0.064217 -0.015285 -1.004338 -0.08462 0.299202 0.212214 -0.059224 0.094845 -0.032958 -0.00276 -0.044391 0.21069 0.125842 -0.082231 -0.14904 -0.045301 0.048165 -0.136421 0.162539 0.108673 -0.041165 0.050289
j -0.234488 -0.307411 -0.014131 0.042696 -0.221855 -0.18531 0.375402 0.26024 0.042469 0.149525 0.123769 0.013426 0.234257 0.007391 -0.233471 -0.042897 -0.054685 0.074909 0.46071 0.302799 -0.192887 -0.078978 -0.061285 0.117423 0.169446 0.615588 0.196842 0.013268 -0.13755 0.022965 -0.985973 -0.083306 0.217881 0.25097 -0.039363 0.07337 -0.020515 -0.009358 -0.04543 0.259261 0.125717 -0.057839 -0.130429 -0.08574 0.044313 -0.153628 0.126383 0.065563 0.046442 0.033469
1 -0.252868 -0.2828 0.313191 -0.228196 -0.238158 -0.225785 0.39519 0.027223 -0.268598 0.196731 -0.276335 -0.502617 0.579088 -0.029979 -0.029759 -0.148866 -0.396395 -0.022854 -0.170429 0.3672 0.183767 -0.022875 -0.023058 -0.170886 0.138108 0.869379 0.559376 -0.135864 0.128508 0.145141 -0.820711 0.155132 0.13136 0.419679 0.033242 -0.009567 0.103245 -0.044124 -0.064622 -0.061987 0.173545 -0.395678 0.220864 0.332504 -0.289175 -0.00467 0.451677 0.170848 -0.057859 -0.193091
x -0.074208 -0.248235 -0.016217 0.050043 -0.260158 -0.063869 0.390495 0.098936 0.130032 0.281851 0.133884 0.065604 0.319146 0.101169 -0.230495 -0.064195 -0.167878 0.154062 0.341301 0.088725 -0.103333 -0.192978 -0.090392 0.117242 0.092052 0.587346 0.036419 0.065679 0.066982 0.017277 -0.718841 -0.063628 0.178832 0.10534 -0.06236 0.073652 -0.02155 -0.096737 -0.172585 0.047105 0.189298 -0.292029 -0.067738 0.139356 0.020046 -0.104266 0.233579 0.126885 0.010464 0.033509
? -0.307058 -0.124093 0.114911 -0.391433 -0.202867 -0.065373 0.459076 0.115101 -0.11748 0.279003 -0.362318 0.320213 0.407989 0.224565 0.557824 -0.168228 -0.095152 0.188259 0.357196 0.443917 -0.529286 -0.446212 0.476498 0.236152 0.326038 0.388764 -0.206387 0.150353 1.013484 -0.303876 -1.040015 0.362709 -0.432283 0.554301 -0.308529 0.030697 0.148805 0.171872 0.385039 -0.098204 -0.066249 -0.535371 0.159669 0.388267 -0.232736 0.191095 0.332374 0.155645 0.285411 0.774867
0 -0.139788 -0.213257 0.419114 -0.204042 -0.175271 -0.242984 0.41103 0.023387 -0.114248 0.187469 -0.26121 -0.60991 0.635588 -0.016797 0.10031 -0.150789 -0.304434 0.145123 -0.062829 0.127075 0.093413 -0.076132 -0.118948 -0.119647 0.055581 0.88912 0.496985 -0.099439 0.087677 0.203511 -0.750288 0.178591 0.117314 0.526229 0.001168 0.010197 0.05264 -0.074114 -0.135885 -0.148392 0.21144 -0.342373 0.23226 0.387855 -0.252779 -0.155939 0.448827 0.265642 -0.282765 -0.161514
2 -0.247471 -0.273847 0.412594 -0.134487 -0.1282 -0.176189 0.434881 -0.025046 -0.138697 0.22786 -0.292286 -0.534126 0.612015 -0.026714 -0.01298 -0.139756 -0.339059 -0.027685 -0.105956 0.295954 0.147786 -0.017956 -0.013869 -0.167833 0.127592 0.948284 0.583223 -0.163949 0.145768 0.138979 -0.839428 0.20066 0.123147 0.477591 0.080167 -0.026497 0.107584 -0.046425 -0.055014 -0.103555 0.177106 -0.39282 0.262631 0.346636 -0.297617 2.4e-05 0.418883 0.189755 -0.014698 -0.152633
q -0.102063 -0.250122 -0.080641 -0.006715 -0.250415 -0.242129 0.375218 0.189671 0.126711 0.211733 0.052893 -0.024794 0.28331 0.068414 -0.282635 -0.125984 -0.073069 0.079051 0.381546 0.192722 -0.214353 -0.135394 -0.059061 0.110712 0.065295 0.588144 0.059839 0.096883 -0.014436 0.079196 -0.764636 -0.077936 0.140292 0.242984 -0.034411 0.073654 -0.043004 -0.014178 -0.089355 0.191506 0.141925 -0.185999 -0.082198 0.115299 0.001582 -0.205667 0.168167 0.099163 0.102777 0.002973
% -0.9208 0.60392 1.1053 -0.39188 1.0204 2.1945 -0.49508 -1.9547 -1.0751 0.1454 1.2495 -1.4208 1.894 -1.3024 -0.1751 0.33084 -0.17029 0.169 -0.87306 0.22944 0.027846 0.33347 1.2866 0.23098 -0.12257 0.38349 0.24163 -0.67453 0.08332 0.76547 3.2612 0.62834 -0.016612 -0.12178 0.85848 -1.1687 -0.10173 0.070155 0.99368 0.029438 -0.065403 -0.50471 1.1739 -0.28263 -1.381 -0.43341 -0.58927 -0.19344 1.6497 -0.10516
/ -0.461209 0.165138 0.227582 0.069606 -0.319625 -0.41759 0.398022 -0.083401 0.112004 0.007251 -0.324566 0.085196 0.289638 0.26505 0.099555 -0.222477 -0.048535 -0.003577 0.140578 0.138947 -0.024303 -0.143308 0.065811 0.38923 0.117862 0.911258 -0.038058 -0.096211 0.223332 0.23874 -0.768295 0.12012 0.049021 0.220016 -0.103708 0.087678 0.102077 -0.280359 -0.122592 -0.286236 0.295113 -0.443251 0.317762 0.136132 -0.124561 0.404494 0.542454 0.512592 0.280193 0.396227
3 -0.255399 -0.307133 0.433782 -0.131038 -0.057713 -0.153849 0.435699 0.011317 -0.156703 0.260976 -0.291331 -0.557842 0.641165 -0.039991 -0.038496 -0.167751 -0.365618 -0.063578 -0.097696 0.277231 0.147177 0.017019 -0.027961 -0.194579 0.124261 0.962938 0.608374 -0.18089 0.183302 0.119952 -0.876607 0.217283 0.134897 0.470715 0.084661 -0.040016 0.086136 -0.035077 -0.026717 -0.097499 0.202602 -0.392163 0.282135 0.366254 -0.288078 -0.006747 0.392438 0.187011 0.002559 -0.156733
5 -0.250893 -0.261232 0.417105 -0.173705 -0.028985 -0.150796 0.463117 0.039616 -0.144915 0.263897 -0.302035 -0.599819 0.684162 -0.045818 -0.025248 -0.144092 -0.335536 -0.035408 -0.114463 0.272432 0.223262 0.036615 -0.045828 -0.196483 0.106546 0.925054 0.650541 -0.156306 0.146881 0.133878 -0.869859 0.201634 0.07951 0.518018 0.076533 -0.088019 0.079051 -0.018247 -0.01304 -0.147314 0.229106 -0.381003 0.269385 0.33849 -0.300929 -0.062031 0.430861 0.176173 -0.033477 -0.149351
4 -0.271857 -0.309262 0.417378 -0.142024 -0.05934 -0.146146 0.441755 0.035869 -0.169185 0.261271 -0.282833 -0.580828 0.655184 -0.029569 -0.043919 -0.173678 -0.359673 -0.070695 -0.107938 0.283909 0.168886 0.018977 -0.040161 -0.195266 0.143247 0.955463 0.614527 -0.174322 0.176841 0.112041 -0.888411 0.210716 0.119101 0.46585 0.051534 -0.047026 0.073206 -0.019763 -0.007526 -0.105635 0.212708 -0.402734 0.276529 0.348428 -0.28247 -0.022517 0.418746 0.168517 0.007614 -0.164719
8 -0.312309 -0.269684 0.404364 -0.192672 -0.121496 -0.174211 0.405702 0.034262 -0.260915 0.258938 -0.277007 -0.543257 0.71918 -0.079891 -0.044504 -0.136003 -0.392471 -0.022506 -0.144656 0.333858 0.205256 0.051441 -0.021089 -0.265623 0.154856 0.903429 0.64291 -0.138268 0.171913 0.130815 -0.901876 0.173654 0.128826 0.405372 0.070862 -0.042515 0.101224 -0.050941 -0.038774 -0.120254 0.191686 -0.38368 0.266557 0.330657 -0.293648 -0.065122 0.368226 0.187047 4.3e-05 -0.179592
6 -0.296907 -0.304524 0.436639 -0.164128 -0.072123 -0.15441 0.41973 0.014803 -0.197464 0.247847 -0.302512 -0.566711 0.702753 -0.055902 -0.041803 -0.146948 -0.372275 -0.043889 -0.101504 0.305243 0.191102 0.036428 -0.029265 -0.244113 0.158092 0.939208 0.65352 -0.163468 0.184421 0.113656 -0.912374 0.176553 0.09058 0.470773 0.089315 -0.053991 0.071861 -0.028305 -0.031573 -0.122459 0.188643 -0.397085 0.296204 0.32322 -0.310902 -0.035665 0.398262 0.167347 0.000791 -0.171886
7 -0.303468 -0.303228 0.429508 -0.152252 -0.070804 -0.152324 0.404278 0.026065 -0.18322 0.244253 -0.298434 -0.556329 0.710536 -0.057154 -0.055978 -0.141358 -0.384932 -0.042308 -0.129459 0.315311 0.207225 0.049727 -0.027575 -0.261785 0.138939 0.902041 0.666215 -0.158441 0.189086 0.097976 -0.918495 0.180697 0.098479 0.46027 0.09093 -0.076981 0.076703 -0.04302 -0.041013 -0.121426 0.184249 -0.385155 0.30384 0.311619 -0.296735 -0.028729 0.369173 0.173898 -0.017095 -0.156396
9 -0.375817 -0.301523 0.275594 -0.242097 -0.220167 -0.140354 0.377703 -0.029455 -0.326442 0.177862 -0.218437 -0.459087 0.691197 -0.089983 0.02485 -0.131482 -0.439329 0.007876 -0.123028 0.380468 0.163173 0.021116 0.034927 -0.262824 0.127029 0.890602 0.576011 -0.118298 0.181522 0.179062 -0.888613 0.179588 0.080223 0.399979 0.03897 0.013285 0.05682 -0.079523 -0.01819 -0.094489 0.117095 -0.351955 0.230691 0.285938 -0.369763 -0.067628 0.393357 0.155368 -0.023044 -0.195454
& -0.423849 -0.436683 0.130022 0.080904 -0.702191 -0.166636 0.093434 0.031654 0.08852 -0.126575 0.319398 0.188306 0.079274 0.117225 -0.610834 -0.047647 -0.30923 0.302941 0.258914 0.20407 0.171496 -0.4421 -0.353755 0.268191 -0.157889 0.723561 -0.004198 -0.150987 -0.145558 -0.103621 -0.764623 -0.113055 0.295165 0.361445 -0.219971 0.083146 0.045758 -0.361347 -0.219041 0.01719 0.49168 -0.727616 -0.109254 0.204109 -0.352763 -0.038326 0.244812 0.141744 -0.091271 -0.19062
z -0.148872 -0.341666 0.003254 0.007104 -0.168478 -0.105781 0.372134 0.240962 0.045054 0.196132 0.12222 0.016344 0.22243 0.01909 -0.188691 -0.072907 -0.028635 0.049961 0.489481 0.235141 -0.1963 -0.12263 -0.093582 0.073885 0.171989 0.614878 0.214229 0.056676 -0.053086 0.035175 -1.007542 -0.097902 0.245759 0.158564 -0.115176 0.072997 -0.077123 0.073262 -0.030215 0.267512 0.137685 -0.031069 -0.110975 -0.075261 0.049239 -0.157805 0.116814 0.083233 -0.009083 0.087894
! -0.288867 -0.138451 0.669311 -0.566531 0.036919 -0.557273 0.803617 -0.189258 -0.092754 0.647984 -0.21383 0.162766 0.233453 0.245408 0.418972 -0.129844 0.561978 0.98265 0.020891 0.226826 -0.293633 0.122063 0.313434 0.039992 1.020038 0.567297 -0.835363 0.405377 0.912307 -0.695655 -0.643863 0.445759 -0.400017 0.844098 -0.677297 0.167536 0.664248 -0.334673 0.243423 0.005588 0.344779 -0.655599 0.04916 -0.183792 -0.20416 0.016756 0.266737 0.31032 0.355164 0.716955
= -1.046077 0.893568 0.626006 0.569726 0.089121 -0.023327 0.986317 -0.122988 -0.103374 0.274914 0.11042 0.386355 0.089393 -0.00887 -0.014415 -0.452883 0.280485 -0.491126 -0.142467 0.169683 -0.818458 -0.411302 0.623195 0.392227 -0.056223 1.377403 0.488404 -0.327168 0.295602 0.388602 0.130965 0.039928 0.140003 0.799043 -0.322267 -0.166003 0.701468 -1.113372 -0.060533 -0.085687 0.927157 -0.573841 -0.120346 0.110264 -0.012272 -0.085549 0.243647 0.158163 0.5236 0.610966
# -1.156523 0.468472 0.126834 0.004703 0.11165 -0.514837 0.737177 0.005907 -0.326863 -0.187253 -0.45302 -0.119612 0.287266 0.659637 -0.261708 -0.202325 -0.129576 -0.477708 0.351709 -0.126588 -0.036334 -0.016596 -0.021337 0.443086 0.059312 1.082902 -0.474201 0.217193 0.80316 0.30093 -0.35379 -0.15691 0.290872 0.298942 -0.228266 0.252988 0.419955 -0.611341 -0.157689 -0.161864 0.457893 -0.457099 0.378355 0.034777 0.061506 0.45062 0.700257 0.324008 0.485935 0.530857
[ -0.07495 0.517351 0.694745 -0.249504 -0.234445 -0.355212 -0.06741 -0.09344 0.080035 0.036505 -0.408726 0.333718 0.274426 -0.05878 0.195635 -0.139475 -0.367475 -0.25261 0.15149 0.11424 0.202895 -0.349885 0.649465 0.461785 0.06979 -0.34454 -0.550455 -0.215861 0.187255 -0.345285 0.7163 -0.02995 -0.39849 -0.395805 -0.378345 -0.01646 0.56437 -0.591485 -0.11408 -0.351384 0.824595 -0.511295 -0.36668 0.382381 -0.27339 0.03583 0.108724 0.477235 0.270785 0.344405
+ -0.520338 0.063866 0.351631 0.082997 -0.217211 -0.124785 0.85952 -0.070244 0.033447 0.298085 0.004664 -0.068253 0.849799 0.104204 -0.255102 -0.028108 -0.095817 0.165899 0.060399 0.05217 0.06344 0.011863 0.393361 0.334129 0.21802 1.10829 0.280401 -0.184957 0.166401 0.426245 -0.803511 0.286891 -0.079581 0.467473 -0.006976 -0.261392 0.081917 -0.368952 0.009117 -0.090246 0.473791 -0.377377 0.30275 0.081049 -0.147884 0.316557 0.429692 0.207036 0.30429 0.345033
| -1.81595 0.380525 0.894445 0.50398 0.767395 -0.352396 1.281895 -0.346899 -0.196695 -0.58559 0.072015 -0.222143 0.410215 -0.360825 0.03802 0.492205 -0.299124 0.301338 0.18047 1.14014 -0.24594 -0.682565 1.09057 1.32066 0.17804 0.43996 -1.19643 -0.384674 -0.198115 0.13783 0.27136 0.30751 0.574105 -0.149355 0.08118 0.33278 0.99317 -0.137494 0.52314 -0.03857 0.325295 -0.180094 -0.73626 0.253 -0.713228 1.1525 0.15087 0.317955 1.55495 0.67015
] -0.887498 0.664765 0.63891 -0.174147 -0.003229 -0.481434 0.35211 -0.057514 -0.346248 0.152399 0.033652 0.511759 0.543822 -0.300842 0.086471 -0.280888 -0.210018 -0.13283 0.489909 0.486402 -0.398548 -0.359883 0.985688 0.93632 0.467098 0.665858 -0.651006 -0.48132 0.482832 -0.34555 -0.215368 -0.236473 -0.166958 -0.560908 -0.696794 -0.014488 0.706344 -0.797924 -0.094294 -0.124468 1.115328 -1.22424 -0.316618 0.575921 0.022458 0.17492 0.23412 0.398394 0.358486 0.697956
~ -0.35974 0.94839 1.0537 -0.046985 0.41969 0.063421 1.3793 -0.94921 -0.3331 0.24266 0.31988 -0.25937 0.18134 -0.52812 0.5287 -0.083691 -0.14416 0.76036 -0.99198 0.017798 -0.13585 -0.24684 1.2516 0.18319 -0.14066 1.0662 -0.80727 -0.22267 0.38443 0.021641 1.4013 -0.24161 0.11391 0.90836 -0.13271 -1.0249 0.6464 -1.4115 0.85492 0.18411 0.070086 -0.76722 0.22164 -0.36053 -0.63142 0.18967 0.88215 -0.62171 -0.75066 0.84411
\ -0.56888 0.92558 0.72886 0.49299 0.018528 -0.99899 0.45897 0.53309 -0.69731 -0.13726 -0.65431 1.1011 -0.62995 -0.61862 -0.389 -0.59244 -0.67199 0.95106 0.065679 -0.20711 -1.3982 -0.020197 1.4834 0.078576 0.2963 0.26236 -0.60204 0.56499 0.81979 -0.68553 1.6077 -0.017203 0.11643 1.7121 0.55242 -0.4538 0.25179 -0.61592 1.6335 -0.29288 0.38008 -1.2285 -0.26997 0.4803 -0.50296 0.64868 0.83182 0.71013 -0.22866 1.4826
{ -0.42855 1.0551 0.60421 0.53086 1.0873 -0.27428 1.0124 -0.27053 -0.68565 -0.41064 -0.68583 -0.044923 -0.36873 -0.33098 0.27742 -0.77139 -0.55224 0.40432 -0.67443 0.14401 -0.84078 -0.39425 1.9806 0.25795 -0.76139 0.3231 0.14664 0.5108 1.2996 -0.16187 1.8992 0.013185 -0.35427 1.3383 0.062622 -0.33935 -0.084399 -0.055773 1.0741 -0.16327 0.71859 -0.9531 -0.081052 0.46512 -0.48189 0.72531 0.6216 -0.075322 -0.13569 0.6105
> -0.60885 1.0596 0.93257 0.47133 -0.22134 -0.001014 1.476 -0.8897 -0.84182 -0.18855 0.13302 0.61165 0.52111 -1.2008 0.010792 0.18241 0.059783 -0.006449 -0.57684 -0.078064 -0.78423 -1.2988 1.3044 0.9139 -0.12896 0.61352 -0.61954 -0.5856 0.21124 -0.15894 1.2726 0.55268 -0.13582 0.5202 0.63426 -0.13056 0.67863 -0.84515 1.0497 0.47853 0.83901 0.051798 0.071248 0.39189 -0.45218 0.44446 0.9738 0.028828 0.97097 0.59603
} -0.67074 0.69856 0.6963 0.64603 1.2521 -0.42427 1.2962 -0.54202 -0.6257 -0.16579 -0.33556 0.3589 -0.37966 -0.60904 -0.19598 -0.25519 -0.63929 0.13424 -0.32247 0.23696 -0.75892 -0.32055 1.8227 0.27236 -0.36709 0.4829 -0.47975 0.071622 0.90614 -0.20907 1.4331 -0.12763 -0.045574 1.1664 -0.11534 -0.90693 0.21285 -0.49289 0.62188 0.16538 0.79304 -1.2645 -0.15463 0.76799 -0.61665 0.67754 0.39161 0.080127 0.10094 0.92917
* -0.062495 0.456652 1.037445 0.694978 -0.444851 -0.630432 1.78262 0.438002 0.635777 -0.470373 -0.180918 0.206947 0.148619 0.913368 -0.353387 -0.135106 -0.443913 -0.007058 0.341172 0.377992 -0.871228 -0.188265 0.270334 0.226628 0.376431 0.367744 -0.377593 -0.200799 -0.051402 0.542485 -0.430645 0.193477 -0.21081 0.911052 -0.153917 -0.043471 0.76124 -1.143913 0.579975 -0.013923 0.153095 -0.116598 0.556863 -0.035465 0.106865 0.625347 0.902923 0.630182 0.547874 0.62311
@ -0.115733 0.658415 0.842839 -0.031728 -0.281909 -0.914118 -0.00889 0.340941 0.300847 -0.22662 -0.599069 0.311915 0.292656 0.172926 0.466531 0.353369 0.120673 -0.468465 0.183079 -0.159562 0.137194 0.077664 0.359048 0.478585 0.341575 0.44333 0.450803 -0.084048 0.209135 0.06033 -0.632413 0.028052 0.006189 -0.08905 -0.21864 -0.242857 0.464075 -0.146092 -0.168924 -0.51337 0.510591 -0.262551 0.375306 0.70435 -0.097652 0.144208 0.327895 0.313461 0.077619 0.562807
< -0.60292 1.1734 0.81599 0.086194 0.36068 -0.064082 1.4942 -1.1903 -1.1872 -0.54148 0.57654 0.60091 0.77565 -0.80284 0.001209 0.38546 -0.10898 0.51757 -0.81487 -0.02306 -1.1795 -0.9481 1.3664 0.96261 -0.028653 0.69662 -0.1773 -0.072403 0.83599 0.70704 1.1316 0.41566 -0.3806 1.2744 0.33244 -0.86378 0.40199 -1.0978 0.51057 0.63694 0.93841 -0.004206 0.30094 0.41878 -0.35986 -0.20247 0.77569 0.056714 0.88472 1.1363
^ -0.42022 1.128 0.75598 0.96246 0.041526 -0.10654 0.76271 -0.47191 -0.35392 -0.25999 -0.27142 0.44903 -0.054534 -0.42509 -0.014297 -0.14909 -0.32741 0.011888 -0.093466 0.24008 -0.88197 -0.53251 1.4996 0.37609 -0.11412 1.1531 -0.26221 -0.063797 0.24082 0.081565 0.24716 -0.17293 -0.48877 1.1017 -0.16125 -0.8406 0.71055 -0.45152 0.53033 -0.096145 0.81459 -1.2253 -0.12003 0.34096 -0.14971 0.80952 0.1168 -0.053203 0.40627 0.88878
